subNo	blocNo	practiceLevel	trialID	trialNo	repeated	handPosition	feetPosition	handFeetDistance	soa	firstLimb	secondLimb	timeTojStimulus1	timeTojStimulus2	buttonToj	buttonRealigned	buttonTojRight	correctnessToj	timeTojReaction	responsetimeToj	validityTOJ	confidenceDelay	timeConfidenceReaction	responsetimeConfidence	confidenceTOJ
13	1	1	999	1	0	1	2	1	1000	1	3	205224	206224	1	1	1	1	207011	787	valid	770	0	0	high
13	1	1	999	2	0	1	2	1	-1000	3	4	207024	210807	3	4	1	0	216760	5953	valid	637	219288	2528	low
13	1	1	999	3	0	1	2	1	1000	4	3	227389	228389	0	0	2	99	0	0	no reaction	714	0	0	low
13	1	1	999	4	0	1	2	1	-1000	1	4	241041	242041	1	1	0	1	242798	757	valid	242	243535	737	high
13	1	1	999	5	0	1	2	1	1000	2	1	246791	247791	2	2	1	1	248487	696	valid	446	250013	1526	high
13	1	0	1	1	0	1	2	1	300	4	3	258624	258924	4	3	0	0	259706	782	block start	342	260829	1123	high
13	1	0	2	2	0	1	2	1	50	2	3	263440	263490	2	2	1	1	264856	1366	valid	718	265394	538	low
13	1	0	3	3	0	1	2	1	50	2	1	268123	268173	2	2	1	1	269150	977	valid	226	270244	1094	low
13	1	0	4	4	0	1	2	1	-300	4	2	273056	273356	0	0	2	99	0	0	no reaction	267	277471	277471	high
13	1	0	5	5	0	1	2	1	-300	3	2	280155	280455	4	3	0	1	281056	601	valid	748	282409	1353	high
13	1	0	6	6	0	1	2	1	50	4	3	285589	285639	4	3	0	0	287208	1569	valid	709	288606	1398	low
13	1	0	7	7	0	1	2	1	-300	3	4	291272	291572	4	3	0	1	292083	511	valid	766	293095	1012	high
13	1	0	8	8	0	1	2	1	50	2	4	296555	296605	0	0	2	99	0	0	no reaction	227	299649	299649	low
13	1	0	9	9	0	1	2	1	-300	1	4	303588	303888	1	1	0	1	304609	721	valid	416	305962	1353	high
13	1	0	10	10	0	1	2	1	110	2	3	308738	308848	2	2	1	1	309635	787	valid	296	310749	1114	low
13	1	0	11	11	0	1	2	1	-110	4	2	313805	313915	2	2	1	0	315698	1783	valid	212	316875	1177	low
13	1	0	12	12	0	1	2	1	110	2	1	319838	319948	2	2	1	1	320723	775	valid	695	322268	1545	high
13	1	0	13	13	0	1	2	1	300	2	4	324937	325237	2	2	1	1	325928	691	valid	406	327264	1336	high
13	1	0	14	14	0	1	2	1	110	4	3	329854	329964	4	3	0	0	330968	1004	valid	378	332189	1221	high
13	1	0	15	15	0	1	2	1	-110	1	4	335170	335280	1	1	0	1	335808	528	valid	590	337076	1268	high
13	1	0	16	16	0	1	2	1	-50	4	2	340120	340170	0	0	2	99	0	0	no reaction	735	344457	344457	low
13	1	0	17	17	0	1	2	1	50	4	1	347486	347536	1	1	0	0	348914	1378	valid	721	350335	1421	low
13	1	0	18	18	0	1	2	1	-300	3	1	353035	353335	4	3	0	1	353924	589	valid	472	355612	1688	high
13	1	0	19	19	0	1	2	1	-50	3	2	358369	358419	4	3	0	1	359572	1153	valid	506	360965	1393	low
13	1	0	20	20	0	1	2	1	300	4	1	363869	364169	0	0	2	99	0	0	no reaction	200	368258	368258	high
13	1	0	21	21	0	1	2	1	-50	1	2	371485	371535	1	1	0	1	372431	896	valid	257	373486	1055	high
13	1	0	22	22	0	1	2	1	-50	3	4	376435	376485	4	3	0	1	378460	1975	valid	709	379908	1448	low
13	1	0	23	23	0	1	2	1	50	1	3	382668	382718	4	3	0	0	384447	1729	valid	592	385926	1479	low
13	1	0	24	24	0	1	2	1	110	1	3	388718	388828	1	1	1	1	389492	664	valid	507	391809	2317	high
13	1	0	25	25	0	1	2	1	-110	3	2	394801	394911	4	3	0	1	395647	736	valid	584	396894	1247	low
13	1	0	26	26	0	1	2	1	300	2	1	400234	400534	2	2	1	1	401041	507	valid	678	402528	1487	high
13	1	0	27	27	0	1	2	1	-50	1	4	405667	405717	1	1	0	1	406518	801	valid	212	407691	1173	high
13	1	0	28	28	0	1	2	1	300	1	3	411117	411417	1	1	1	1	412045	628	valid	312	413244	1199	high
13	1	0	29	29	0	1	2	1	300	2	3	416133	416433	2	2	1	1	417226	793	valid	745	418548	1322	high
13	1	0	30	30	0	1	2	1	-50	3	1	421033	421083	4	3	0	1	422390	1307	valid	755	422985	595	high
13	1	0	31	31	0	1	2	1	-110	1	2	429496	429531	4	3	2	99	429632	101	wrong limb	438	429718	86	low
13	1	0	32	32	0	1	2	1	110	2	4	483397	483507	0	0	2	99	0	0	no reaction	744	0	0	high
13	1	0	33	33	0	1	2	1	-110	3	4	495663	495773	0	0	2	99	0	0	no reaction	689	0	0	low
13	1	0	1	1	0	1	2	1	300	4	3	92595	92895	3	4	1	1	93972	1077	block start	687	95394	1422	high
13	1	0	2	2	0	1	2	1	50	2	3	97962	98012	2	2	1	1	98974	962	valid	767	100734	1760	low
13	1	0	3	3	0	1	2	1	50	2	1	103495	103545	2	2	1	1	104351	806	valid	654	105760	1409	high
13	1	0	4	4	0	1	2	1	-300	4	2	108378	108678	3	4	0	1	109678	1000	valid	797	111304	1626	high
13	1	0	5	5	0	1	2	1	-300	3	2	113844	114144	4	3	0	1	114626	482	valid	514	115889	1263	high
13	1	0	6	6	0	1	2	1	50	4	3	118394	118444	4	3	0	0	120310	1866	valid	524	120611	301	low
13	1	0	7	7	0	1	2	1	-300	3	4	127526	127826	4	3	0	1	128559	733	valid	461	129326	767	high
13	1	0	8	8	0	1	2	1	50	2	4	133410	133460	2	2	1	1	134554	1094	valid	323	135851	1297	high
13	1	0	9	9	0	1	2	1	-300	1	4	138427	138727	1	1	0	1	139564	837	valid	475	139952	388	high
13	1	0	10	10	0	1	2	1	110	2	3	149343	149453	2	2	1	1	150714	1261	valid	215	152085	1371	high
13	1	0	11	11	0	1	2	1	-110	4	2	154776	154887	3	4	0	1	156625	1738	valid	594	158087	1462	low
13	1	0	12	12	0	1	2	1	110	2	1	160826	160936	2	2	1	1	161960	1024	valid	652	163513	1553	high
13	1	0	13	13	0	1	2	1	300	2	4	166175	166475	2	2	1	1	167188	713	valid	360	168480	1292	high
13	1	0	14	14	0	1	2	1	110	4	3	171042	171152	4	3	0	0	171720	568	valid	374	172932	1212	high
13	1	0	15	15	0	1	2	1	-110	1	4	175508	175618	1	1	0	1	176386	768	valid	547	177514	1128	high
13	1	0	16	16	0	1	2	1	-50	4	2	180508	180558	2	2	1	0	182092	1534	valid	459	183265	1173	low
13	1	0	17	17	0	1	2	1	50	4	1	185975	186025	1	1	0	0	187834	1809	valid	548	189110	1276	low
13	1	0	18	18	0	1	2	1	-300	3	1	191808	192108	4	3	0	1	193387	1279	valid	627	195191	1804	high
13	1	0	19	19	0	1	2	1	-50	3	2	197841	197891	4	3	0	1	200167	2276	valid	723	201526	1359	low
13	1	0	20	20	0	1	2	1	300	4	1	204140	204440	3	4	1	1	205933	1493	valid	423	207806	1873	high
13	1	0	21	21	0	1	2	1	-50	1	2	210623	210673	1	1	0	1	212164	1491	valid	357	213257	1093	low
13	1	0	22	22	0	1	2	1	-50	3	4	216090	216140	4	3	0	1	218272	2132	valid	502	219583	1311	high
13	1	0	23	23	0	1	2	1	50	1	3	222373	222423	4	3	0	0	223877	1454	valid	519	225147	1270	high
13	1	0	24	24	0	1	2	1	110	1	3	228139	228249	1	1	1	1	229278	1029	valid	501	230635	1357	high
13	1	0	25	25	0	1	2	1	-110	3	2	233189	233299	4	3	0	1	234178	879	valid	256	235480	1302	high
13	1	0	26	26	0	1	2	1	300	2	1	238056	238356	2	2	1	1	239010	654	valid	281	240094	1084	high
13	1	0	27	27	0	1	2	1	-50	1	4	242589	242639	1	1	0	1	243324	685	valid	703	244652	1328	high
13	1	0	28	28	0	1	2	1	300	1	3	247505	247805	1	1	1	1	248242	437	valid	233	249344	1102	high
13	1	0	29	29	0	1	2	1	300	2	3	252272	252572	2	2	1	1	253265	693	valid	752	254936	1671	high
13	1	0	30	30	0	1	2	1	-50	3	1	257505	257555	4	3	0	1	258588	1033	valid	238	259723	1135	high
13	1	0	31	31	0	1	2	1	-110	1	2	262770	262880	1	1	0	1	263550	670	valid	578	265465	1915	high
13	1	0	32	32	0	1	2	1	110	2	4	268338	268448	2	2	1	1	269216	768	valid	700	270658	1442	high
13	1	0	33	33	0	1	2	1	-110	3	4	273221	273331	4	3	0	1	273926	595	valid	637	275435	1509	high
13	1	0	34	34	0	1	2	1	-110	3	1	278070	278180	4	3	0	1	278808	628	valid	278	279967	1159	low
13	1	0	35	35	0	1	2	1	110	4	1	283054	283164	3	4	1	1	285986	2822	valid	250	287060	1074	low
13	1	0	36	36	0	1	2	1	-300	1	2	289803	290103	1	1	0	1	290559	456	valid	726	292274	1715	high
13	1	0	1	37	1	1	2	1	300	4	3	294903	295203	3	4	1	1	297104	1901	valid	607	298385	1281	low
13	2	0	37	1	0	1	2	1	110	2	1	311602	311712	2	2	1	1	312362	650	block start	715	313842	1480	high
13	2	0	38	2	0	1	2	1	300	2	1	316352	316652	2	2	1	1	317085	433	valid	409	318693	1608	high
13	2	0	39	3	0	1	2	1	50	1	3	321268	321318	1	1	1	1	321939	621	valid	422	323141	1202	high
13	2	0	40	4	0	1	2	1	-300	3	2	325802	326102	4	3	0	1	326785	683	valid	205	327591	806	high
13	2	0	41	5	0	1	2	1	-50	3	4	330451	330501	4	3	0	1	332556	2055	valid	209	333453	897	low
13	2	0	42	6	0	1	2	1	-110	3	2	336034	336144	4	3	0	1	337322	1178	valid	605	338743	1421	low
13	2	0	43	7	0	1	2	1	-300	1	4	341518	341818	1	1	0	1	342946	1128	valid	417	344578	1632	high
13	2	0	44	8	0	1	2	1	-110	1	4	347234	347344	1	1	0	1	349105	1761	valid	254	350340	1235	low
13	2	0	45	9	0	1	2	1	-50	1	4	353067	353117	1	1	0	1	354290	1173	valid	496	355469	1179	high
13	2	0	46	10	0	1	2	1	-110	4	2	357967	358077	3	4	0	1	359472	1395	valid	226	360403	931	high
13	2	0	47	11	0	1	2	1	50	2	3	362917	362967	2	2	1	1	364095	1128	valid	338	365136	1041	low
13	2	0	48	12	0	1	2	1	-300	1	2	367966	368266	1	1	0	1	368623	357	valid	319	370388	1765	high
13	2	0	49	13	0	1	2	1	-110	3	1	373099	373209	4	3	0	1	373845	636	valid	612	375234	1389	high
13	2	0	50	14	0	1	2	1	110	2	4	377833	377943	2	2	1	1	378810	867	valid	292	380051	1241	high
13	2	0	51	15	0	1	2	1	-300	3	4	382782	383082	4	3	0	1	383777	695	valid	713	385276	1499	high
13	2	0	52	16	0	1	2	1	-110	3	4	388015	388125	4	3	0	1	388647	522	valid	220	389729	1082	high
13	2	0	53	17	0	1	2	1	50	4	3	392299	392349	4	3	0	0	393354	1005	valid	554	394667	1313	high
13	2	0	54	18	0	1	2	1	-50	1	2	397182	397232	1	1	0	1	397790	558	valid	781	399446	1656	high
13	2	0	55	19	0	1	2	1	300	2	4	402015	402315	2	2	1	1	402727	412	valid	760	404190	1463	high
13	2	0	56	20	0	1	2	1	110	1	3	406748	406858	4	3	0	0	407790	932	valid	710	409207	1417	high
13	2	0	57	21	0	1	2	1	-50	3	2	411864	411914	4	3	0	1	413373	1459	valid	497	414651	1278	low
13	2	0	58	22	0	1	2	1	300	2	3	417464	417764	2	2	1	1	419150	1386	valid	561	420530	1380	high
13	2	0	59	23	0	1	2	1	110	4	1	423214	423324	1	1	0	0	425166	1842	valid	713	426464	1298	low
13	2	0	60	24	0	1	2	1	-300	4	2	429380	429680	3	4	0	1	430331	651	valid	785	431966	1635	high
13	2	0	61	25	0	1	2	1	300	4	1	434513	434813	3	4	1	1	435376	563	valid	624	436768	1392	high
13	2	0	62	26	0	1	2	1	110	4	3	439247	439357	3	4	1	1	440000	643	valid	382	441226	1226	high
13	2	0	63	27	0	1	2	1	-50	3	1	443730	443780	4	3	0	1	444348	568	valid	468	445654	1306	high
13	2	0	64	28	0	1	2	1	110	2	3	448263	448373	2	2	1	1	448803	430	valid	789	450536	1733	high
13	2	0	65	29	0	1	2	1	50	2	4	453146	453196	2	2	1	1	453808	612	valid	683	455284	1476	high
13	2	0	66	30	0	1	2	1	-50	4	2	457896	457946	2	2	1	0	458339	393	valid	640	459850	1511	low
13	2	0	67	31	0	1	2	1	300	4	3	462795	463095	3	4	1	1	463616	521	valid	318	464651	1035	high
13	2	0	68	32	0	1	2	1	50	4	1	467895	467945	1	1	0	0	469527	1582	valid	228	470560	1033	low
13	2	0	69	33	0	1	2	1	300	1	3	473245	473545	1	1	1	1	473975	430	valid	584	475385	1410	high
13	2	0	70	34	0	1	2	1	-300	3	1	477895	478195	4	3	0	1	478596	401	valid	461	479825	1229	high
13	2	0	71	35	0	1	2	1	50	2	1	482295	482345	2	2	1	1	483621	1276	valid	394	484772	1151	high
13	2	0	72	36	0	1	2	1	-110	1	2	487261	487371	1	1	0	1	487926	555	valid	468	489367	1441	high
13	2	0	37	37	1	1	2	1	110	2	1	491994	492104	2	2	1	1	492659	555	valid	224	493953	1294	high
13	3	1	999	1	0	1	1	1	1000	2	3	579657	580657	2	2	1	1	581430	773	valid	395	0	0	low
13	3	1	999	2	0	1	1	1	-1000	4	2	588573	589573	4	4	0	1	590616	1043	valid	726	592061	1445	high
13	3	1	999	3	0	1	1	1	1000	2	4	594640	595640	2	2	1	1	595819	179	valid	626	596977	1158	high
13	3	1	999	4	0	1	1	1	1000	4	3	599773	600773	4	4	1	1	601180	407	valid	734	602669	1489	high
13	3	1	999	5	0	1	1	1	1000	1	3	602689	605206	1	1	1	1	606051	845	valid	268	607122	1071	high
13	3	0	73	1	0	1	1	1	-300	4	2	613422	613722	4	4	0	1	614603	881	block start	770	616298	1695	high
13	3	0	74	2	0	1	1	1	-50	1	2	618822	618872	2	2	1	0	619651	779	valid	221	620644	993	high
13	3	0	75	3	0	1	1	1	300	2	4	623172	623472	2	2	1	1	623772	300	valid	689	625008	1236	high
13	3	0	76	4	0	1	1	1	-300	3	4	627921	628221	3	3	0	1	628973	752	valid	589	630102	1129	high
13	3	0	77	5	0	1	1	1	-300	3	1	632788	633088	3	3	0	1	633810	722	valid	480	635083	1273	high
13	3	0	78	6	0	1	1	1	-300	1	4	637571	637871	1	1	0	1	638287	416	valid	559	639664	1377	high
13	3	0	79	7	0	1	1	1	110	2	1	642387	642497	2	2	1	1	643065	568	valid	249	644282	1217	high
13	3	0	80	8	0	1	1	1	-50	1	4	646854	646904	1	1	0	1	647348	444	valid	629	648827	1479	high
13	3	0	81	9	0	1	1	1	50	1	3	651404	651454	3	3	0	0	652894	1440	valid	524	654103	1209	low
13	3	0	82	10	0	1	1	1	50	4	3	656787	656837	4	4	1	1	657664	827	valid	551	659331	1667	high
13	3	0	83	11	0	1	1	1	110	4	3	662120	662230	4	4	1	1	663032	802	valid	691	664638	1606	high
13	3	0	84	12	0	1	1	1	50	2	1	667320	667370	2	2	1	1	668179	809	valid	629	669846	1667	high
13	3	0	85	13	0	1	1	1	300	2	3	672703	673003	2	2	1	1	673420	417	valid	728	674891	1471	high
13	3	0	86	14	0	1	1	1	-110	3	4	677669	677779	4	4	1	0	678992	1213	valid	535	680809	1817	high
13	3	0	87	15	0	1	1	1	-300	3	2	683886	684186	3	3	0	1	684938	752	valid	353	685921	983	high
13	3	0	88	16	0	1	1	1	50	4	1	688535	688585	4	4	1	1	689622	1037	valid	673	691005	1383	high
13	3	0	89	17	0	1	1	1	-110	1	4	693685	693795	1	1	0	1	694296	501	valid	782	695777	1481	high
13	3	0	90	18	0	1	1	1	50	2	4	698502	698552	2	2	1	1	699209	657	valid	324	700739	1530	low
13	3	0	91	19	0	1	1	1	-50	3	1	703535	703585	1	1	1	0	704460	875	valid	265	705460	1000	high
13	3	0	92	20	0	1	1	1	110	2	3	708034	708144	2	2	1	1	708816	672	valid	715	710311	1495	high
13	3	0	93	21	0	1	1	1	-110	3	2	712868	712978	3	3	0	1	713716	738	valid	280	714853	1137	high
13	3	0	94	22	0	1	1	1	50	2	3	717434	717484	2	2	1	1	718379	895	valid	509	719851	1472	low
13	3	0	95	23	0	1	1	1	-110	4	2	722584	722694	3	3	2	99	722798	104	wrong limb	334	723818	1020	high
13	3	0	96	24	0	1	1	1	300	4	3	727567	727867	4	4	1	1	728931	1064	valid	721	730384	1453	high
13	3	0	97	25	0	1	1	1	110	2	4	732933	733043	2	2	1	1	733614	571	valid	243	734655	1041	high
13	3	0	98	26	0	1	1	1	-50	4	2	737300	737350	2	2	1	0	739861	2511	valid	292	740712	851	low
13	3	0	99	27	0	1	1	1	300	4	1	743316	743616	1	1	0	0	745084	1468	valid	267	746038	954	low
13	3	0	100	28	0	1	1	1	110	4	1	748849	748959	4	4	1	1	749770	811	valid	583	751344	1574	high
13	3	0	101	29	0	1	1	1	-300	1	2	754099	754399	1	1	0	1	754577	178	valid	737	755976	1399	high
13	3	0	102	30	0	1	1	1	300	2	1	758499	758799	2	2	1	1	759080	281	valid	768	760537	1457	high
13	3	0	103	31	0	1	1	1	-50	3	2	763432	763482	3	3	0	1	764715	1233	valid	435	765933	1218	high
13	3	0	104	32	0	1	1	1	300	1	3	768648	768948	1	1	1	1	769374	426	valid	607	770712	1338	high
13	3	0	105	33	0	1	1	1	110	1	3	773432	773542	1	1	1	1	774107	565	valid	251	774871	764	high
13	3	0	106	34	0	1	1	1	-110	3	1	778081	778191	3	3	0	1	779535	1344	valid	423	780721	1186	high
13	3	0	107	35	0	1	1	1	-110	1	2	783598	783708	1	1	0	1	784108	400	valid	247	785073	965	high
13	3	0	108	36	0	1	1	1	-50	3	4	787581	787631	4	4	1	0	789191	1560	valid	330	790383	1192	low
13	3	0	73	37	1	1	1	1	-300	4	2	793114	793414	4	4	0	1	794159	745	valid	370	795312	1153	high
13	3	0	95	38	1	1	1	1	-110	4	2	797830	797940	4	4	0	1	798956	1016	valid	408	799907	951	high
13	4	0	109	1	0	1	1	1	-110	4	2	807847	807957	4	4	0	1	808732	775	block start	202	809700	968	high
13	4	0	110	2	0	1	1	1	50	2	4	812196	812246	2	2	1	1	813069	823	valid	481	814044	975	low
13	4	0	111	3	0	1	1	1	-300	1	4	816763	817063	1	1	0	1	817471	408	valid	746	818890	1419	high
13	4	0	112	4	0	1	1	1	300	1	3	821429	821729	1	1	1	1	822023	294	valid	217	822968	945	high
13	4	0	113	5	0	1	1	1	50	4	3	825613	825663	4	4	1	1	826522	859	valid	483	828086	1564	high
13	4	0	114	6	0	1	1	1	-110	3	4	830612	830722	3	3	0	1	831454	732	valid	429	832682	1228	high
13	4	0	115	7	0	1	1	1	-50	1	4	835162	835212	1	1	0	1	835651	439	valid	339	836820	1169	high
13	4	0	116	8	0	1	1	1	110	1	3	839312	839422	1	1	1	1	840184	762	valid	650	841581	1397	high
13	4	0	117	9	0	1	1	1	-300	3	2	844162	844462	3	3	0	1	845085	623	valid	506	846312	1227	high
13	4	0	118	10	0	1	1	1	50	2	3	848912	848962	2	2	1	1	849636	674	valid	366	850849	1213	high
13	4	0	119	11	0	1	1	1	-50	3	2	853378	853428	2	2	1	0	854938	1510	valid	301	855869	931	high
13	4	0	120	12	0	1	1	1	-50	4	2	858461	858511	4	4	0	1	860684	2173	valid	524	862111	1427	low
13	4	0	121	13	0	1	1	1	-300	3	1	864944	865244	3	3	0	1	866159	915	valid	250	867321	1162	high
13	4	0	122	14	0	1	1	1	50	2	1	869844	869894	2	2	1	1	870527	633	valid	215	871583	1056	high
13	4	0	123	15	0	1	1	1	-50	1	2	874044	874094	1	1	0	1	874603	509	valid	446	875762	1159	high
13	4	0	124	16	0	1	1	1	-50	3	4	878210	878260	3	3	0	1	880071	1811	valid	722	880995	924	low
13	4	0	125	17	0	1	1	1	-300	3	4	884227	884527	3	3	0	1	885545	1018	valid	460	886828	1283	high
13	4	0	126	18	0	1	1	1	110	4	3	889343	889453	4	4	1	1	890226	773	valid	450	891439	1213	high
13	4	0	127	19	0	1	1	1	300	2	3	893926	894226	2	2	1	1	895025	799	valid	705	896558	1533	high
13	4	0	128	20	0	1	1	1	110	4	1	899159	899269	0	0	2	99	0	0	no reaction	711	902666	902666	low
13	4	0	129	21	0	1	1	1	300	4	3	906126	906426	4	4	1	1	907009	583	valid	723	908466	1457	high
13	4	0	130	22	0	1	1	1	-110	1	2	910859	910969	1	1	0	1	911350	381	valid	292	912489	1139	high
13	4	0	131	23	0	1	1	1	300	2	1	914992	915292	2	2	1	1	915664	372	valid	339	916856	1192	high
13	4	0	132	24	0	1	1	1	-110	3	2	919375	919485	2	2	1	0	920438	953	valid	586	921622	1184	low
13	4	0	133	25	0	1	1	1	300	4	1	924241	924541	4	4	1	1	924991	450	valid	445	926116	1125	high
13	4	0	134	26	0	1	1	1	50	1	3	928591	928641	3	3	0	0	929670	1029	valid	316	931161	1491	high
13	4	0	135	27	0	1	1	1	-300	4	2	933658	933958	4	4	0	1	934543	585	valid	601	935808	1265	high
13	4	0	136	28	0	1	1	1	300	2	4	938258	938558	2	2	1	1	938997	439	valid	355	940097	1100	high
13	4	0	137	29	0	1	1	1	110	2	4	942541	942651	2	2	1	1	943129	478	valid	577	944476	1347	high
13	4	0	138	30	0	1	1	1	110	2	3	946890	947000	2	2	1	1	947539	539	valid	444	948756	1217	high
13	4	0	139	31	0	1	1	1	-110	3	1	951240	951350	3	3	0	1	953028	1678	valid	578	954184	1156	low
13	4	0	140	32	0	1	1	1	50	4	1	956740	956790	4	4	1	1	958697	1907	valid	536	959841	1144	low
13	4	0	141	33	0	1	1	1	-50	3	1	962506	962556	3	3	0	1	964368	1812	valid	656	964924	556	low
13	4	0	142	34	0	1	1	1	110	2	1	968339	968450	2	2	1	1	968936	486	valid	660	970285	1349	high
13	4	0	143	35	0	1	1	1	-300	1	2	972756	973056	1	1	0	1	973329	273	valid	605	974612	1283	high
13	4	0	144	36	0	1	1	1	-110	1	4	977139	977249	1	1	0	1	979841	2592	valid	458	980852	1011	high
13	4	0	109	37	1	1	1	1	-110	4	2	983489	983599	4	4	0	1	984864	1265	valid	517	985997	1133	high
13	4	0	128	38	1	1	1	1	110	4	1	988589	988699	4	4	1	1	989351	652	valid	716	990825	1474	high
13	5	1	999	1	0	2	2	1	1000	2	4	1127666	1128666	1	2	1	1	1129314	648	valid	712	1130714	1400	high
13	5	1	999	2	0	2	2	1	1000	1	3	1130732	1133165	2	1	1	1	1133780	615	valid	203	1134556	776	high
13	5	1	999	3	0	2	2	1	-1000	3	1	1137549	1138549	4	3	0	1	1138828	279	valid	780	1140161	1333	high
13	5	1	999	4	0	2	2	1	1000	2	3	1140182	1143765	1	2	1	1	1144679	914	valid	459	1145761	1082	high
13	5	1	999	5	0	2	2	1	1000	2	3	1148915	1149915	1	2	1	1	1150113	198	valid	348	1150921	808	high
13	5	0	145	1	0	2	2	1	110	2	4	1166431	1166541	1	2	1	1	1167259	718	block start	644	1168387	1128	high
13	5	0	146	2	0	2	2	1	-300	4	2	1171430	1171730	3	4	0	1	1173015	1285	valid	581	1174633	1618	high
13	5	0	147	3	0	2	2	1	110	2	1	1177213	1177323	2	1	0	0	1179608	2285	valid	727	1180868	1260	low
13	5	0	148	4	0	2	2	1	-50	1	4	1183530	1183580	2	1	0	1	1184921	1341	valid	698	1186220	1299	low
13	5	0	149	5	0	2	2	1	-50	3	1	1189196	1189246	2	1	1	0	1190101	855	valid	494	1191450	1349	low
13	5	0	150	6	0	2	2	1	110	2	3	1194246	1194356	1	2	1	1	1194948	592	valid	729	1196403	1455	high
13	5	0	151	7	0	2	2	1	-50	1	2	1199096	1199146	2	1	0	1	1199945	799	valid	254	1201026	1081	low
13	5	0	152	8	0	2	2	1	300	1	3	1203612	1203912	2	1	1	1	1204280	368	valid	618	1205383	1103	high
13	5	0	153	9	0	2	2	1	300	2	4	1208262	1208562	1	2	1	1	1208943	381	valid	599	1210031	1088	high
13	5	0	154	10	0	2	2	1	-300	3	4	1213412	1213712	4	3	0	1	1214449	737	valid	490	1215662	1213	high
13	5	0	155	11	0	2	2	1	-300	3	1	1218578	1218878	4	3	0	1	1219303	425	valid	275	1220282	979	high
13	5	0	156	12	0	2	2	1	-50	3	4	1223628	1223678	4	3	0	1	1224687	1009	valid	793	1226121	1434	high
13	5	0	157	13	0	2	2	1	50	2	3	1228645	1228695	1	2	1	1	1229683	988	valid	729	1230966	1283	low
13	5	0	158	14	0	2	2	1	50	2	4	1233828	1233878	1	2	1	1	1235294	1416	valid	642	1236417	1123	low
13	5	0	159	15	0	2	2	1	50	2	1	1239327	1239377	1	2	1	1	1240570	1193	valid	359	1241510	940	high
13	5	0	160	16	0	2	2	1	-110	4	2	1245027	1245137	3	4	0	1	1246136	999	valid	284	1247098	962	low
13	5	0	161	17	0	2	2	1	-110	1	2	1249827	1249937	2	1	0	1	1250862	925	valid	603	1252113	1251	high
13	5	0	162	18	0	2	2	1	300	4	1	1255210	1255510	3	4	1	1	1255936	426	valid	492	1256903	967	high
13	5	0	163	19	0	2	2	1	300	2	1	1259976	1260276	1	2	1	1	1260669	393	valid	796	1262178	1509	high
13	5	0	164	20	0	2	2	1	-300	3	2	1264910	1265210	4	3	0	1	1265698	488	valid	750	1267110	1412	high
13	5	0	165	21	0	2	2	1	-110	3	4	1270243	1270353	4	3	0	1	1270920	567	valid	532	1272148	1228	high
13	5	0	166	22	0	2	2	1	110	4	3	1274909	1275019	4	3	0	0	1275565	546	valid	387	1276633	1068	low
13	5	0	167	23	0	2	2	1	50	4	1	1279309	1279359	4	3	2	99	1280139	780	wrong limb	234	1281072	933	low
13	5	0	168	24	0	2	2	1	-110	3	2	1284175	1284285	4	3	0	1	1286897	2612	valid	586	1287981	1084	low
13	5	0	169	25	0	2	2	1	-110	1	4	1290558	1290668	2	1	0	1	1291945	1277	valid	701	1293160	1215	high
13	5	0	170	26	0	2	2	1	-300	1	2	1296025	1296325	2	1	0	1	1297530	1205	valid	204	1299055	1525	high
13	5	0	171	27	0	2	2	1	-50	3	2	1304058	1304108	1	2	1	0	1305820	1712	valid	613	1307101	1281	low
13	5	0	172	28	0	2	2	1	-50	4	2	1310391	1310441	1	2	1	0	1312544	2103	valid	378	1313446	902	low
13	5	0	173	29	0	2	2	1	50	4	3	1316091	1316141	3	4	1	1	1317507	1366	valid	741	1318841	1334	low
13	5	0	174	30	0	2	2	1	110	4	1	1321507	1321617	3	4	1	1	1322374	757	valid	241	1323612	1238	high
13	5	0	175	31	0	2	2	1	50	1	3	1326307	1326357	2	1	1	1	1327081	724	valid	674	1328395	1314	high
13	5	0	176	32	0	2	2	1	-110	3	1	1330940	1331050	4	3	0	1	1332792	1742	valid	783	1334152	1360	low
13	5	0	177	33	0	2	2	1	-300	1	4	1336806	1337106	3	4	1	0	1338069	963	valid	574	1339230	1161	low
13	5	0	178	34	0	2	2	1	300	2	3	1342139	1342439	1	2	1	1	1342740	301	valid	381	1343988	1248	high
13	5	0	179	35	0	2	2	1	110	1	3	1346489	1346599	2	1	1	1	1346995	396	valid	638	1348573	1578	high
13	5	0	180	36	0	2	2	1	300	4	3	1351139	1351439	4	3	0	0	1352039	600	valid	460	1353157	1118	low
13	5	0	145	37	1	2	2	1	110	2	4	1355755	1355865	1	2	1	1	1357147	1282	valid	546	1358312	1165	low
13	5	0	167	38	1	2	2	1	50	4	1	1360855	1360905	3	4	1	1	1362919	2014	valid	402	1363870	951	low
13	6	0	181	1	0	2	2	1	300	2	3	1370688	1370988	1	2	1	1	1371464	476	block start	614	1373120	1656	high
13	6	0	182	2	0	2	2	1	-50	3	2	1375688	1375738	4	3	0	1	1377162	1424	valid	714	1378443	1281	low
13	6	0	183	3	0	2	2	1	50	2	3	1381071	1381121	4	3	0	0	1382075	954	valid	530	1383240	1165	high
13	6	0	184	4	0	2	2	1	110	4	3	1385737	1385848	4	3	0	0	1387980	2132	valid	307	1389075	1095	high
13	6	0	185	5	0	2	2	1	-50	3	1	1391554	1391604	2	1	1	0	1392259	655	valid	700	1393812	1553	high
13	6	0	186	6	0	2	2	1	-110	3	1	1396731	1396841	2	1	1	0	1397396	555	valid	249	1398278	882	low
13	6	0	187	7	0	2	2	1	-110	4	2	1400931	1401041	3	4	0	1	1401710	669	valid	388	1402661	951	high
13	6	0	188	8	0	2	2	1	-110	3	2	1405764	1405874	1	2	1	0	1407293	1419	valid	455	1408231	938	low
13	6	0	189	9	0	2	2	1	-110	1	4	1410964	1411074	2	1	0	1	1411891	817	valid	604	1412901	1010	high
13	6	0	190	10	0	2	2	1	300	4	1	1416147	1416447	2	1	0	0	1418138	1691	valid	212	1418995	857	low
13	6	0	191	11	0	2	2	1	300	1	3	1421563	1421863	2	1	1	1	1422188	325	valid	497	1423304	1116	high
13	6	0	192	12	0	2	2	1	-300	4	2	1425796	1426096	3	4	0	1	1426503	407	valid	626	1427623	1120	high
13	6	0	193	13	0	2	2	1	50	4	1	1430346	1430396	3	4	1	1	1431318	922	valid	738	1432599	1281	high
13	6	0	194	14	0	2	2	1	50	2	4	1435163	1435213	3	4	0	0	1436463	1250	valid	668	1438111	1648	high
13	6	0	195	15	0	2	2	1	110	4	1	1440612	1440722	3	4	1	1	1443209	2487	valid	336	1444074	865	low
13	6	0	196	16	0	2	2	1	300	2	1	1446578	1446878	1	2	1	1	1447193	315	valid	231	1448665	1472	low
13	6	0	197	17	0	2	2	1	-50	1	4	1451245	1451295	2	1	0	1	1452383	1088	valid	596	1453483	1100	high
13	6	0	198	18	0	2	2	1	-50	4	2	1455978	1456028	3	4	0	1	1457280	1252	valid	579	1458352	1072	high
13	6	0	199	19	0	2	2	1	110	2	3	1460795	1460905	1	2	1	1	1461254	349	valid	646	1462446	1192	high
13	6	0	200	20	0	2	2	1	-50	3	4	1464945	1464995	3	4	1	0	1465800	805	valid	294	1466650	850	high
13	6	0	201	21	0	2	2	1	110	1	3	1469278	1469388	2	1	1	1	1471186	1798	valid	773	1472640	1454	high
13	6	0	202	22	0	2	2	1	-300	1	2	1475128	1475428	2	1	0	1	1476248	820	valid	489	1477379	1131	high
13	6	0	203	23	0	2	2	1	50	4	3	1479911	1479961	3	4	1	1	1480811	850	valid	281	1481873	1062	high
13	6	0	204	24	0	2	2	1	50	2	1	1484394	1484444	1	2	1	1	1485100	656	valid	263	1486069	969	high
13	6	0	205	25	0	2	2	1	-300	3	4	1488627	1488927	4	3	0	1	1489254	327	valid	342	1490221	967	high
13	6	0	206	26	0	2	2	1	-110	1	2	1492760	1492870	2	1	0	1	1493343	473	valid	554	1494517	1174	high
13	6	0	207	27	0	2	2	1	110	2	4	1497060	1497170	1	2	1	1	1497829	659	valid	614	1498938	1109	high
13	6	0	208	28	0	2	2	1	-300	3	2	1501410	1501710	4	3	0	1	1502243	533	valid	254	1502932	689	high
13	6	0	209	29	0	2	2	1	110	2	1	1505610	1505720	1	2	1	1	1506350	630	valid	394	1507256	906	high
13	6	0	210	30	0	2	2	1	-50	1	2	1510126	1510176	1	2	1	0	1510876	700	valid	576	1512186	1310	high
13	6	0	211	31	0	2	2	1	300	2	4	1514959	1515259	1	2	1	1	1516096	837	valid	544	1517122	1026	high
13	6	0	212	32	0	2	2	1	50	1	3	1519642	1519692	2	1	1	1	1520592	900	valid	573	1521654	1062	high
13	6	0	213	33	0	2	2	1	-300	1	4	1524125	1524425	2	1	0	1	1524755	330	valid	500	1525830	1075	high
13	6	0	214	34	0	2	2	1	300	4	3	1528292	1528592	3	4	1	1	1529065	473	valid	676	1530303	1238	high
13	6	0	215	35	0	2	2	1	-300	3	1	1532808	1533108	4	3	0	1	1533516	408	valid	458	1534552	1036	high
13	6	0	216	36	0	2	2	1	-110	3	4	1536991	1537101	3	4	1	0	1537985	884	valid	266	1538975	990	low
13	6	0	181	37	1	2	2	1	300	2	3	1541508	1541808	1	2	1	1	1542160	352	valid	285	1543141	981	high
13	7	1	999	1	0	2	1	1	-1000	3	2	1708000	1709000	3	3	0	1	1709933	933	valid	722	1711102	1169	high
13	7	1	999	2	0	2	1	1	-1000	3	4	1713667	1714667	3	3	0	1	1716005	1338	valid	206	0	0	high
13	7	1	999	3	0	2	1	1	1000	1	3	1721733	1722733	2	1	1	1	1723147	414	valid	639	1724401	1254	high
13	7	1	999	4	0	2	1	1	-1000	3	4	1726883	1727883	3	3	0	1	1728222	339	valid	391	1729385	1163	high
13	7	1	999	5	0	2	1	1	1000	4	3	1732616	1733616	4	4	1	1	1733911	295	valid	582	1735416	1505	high
13	7	0	217	1	0	2	1	1	110	2	3	1742666	1742776	1	2	1	1	1744002	1226	block start	400	1744931	929	low
13	7	0	218	2	0	2	1	1	-110	3	1	1747665	1747775	2	1	1	0	1749236	1461	valid	225	1749949	713	low
13	7	0	219	3	0	2	1	1	-110	1	4	1752548	1752658	2	1	0	1	1753777	1119	valid	371	1754677	900	high
13	7	0	220	4	0	2	1	1	-300	1	4	1757165	1757465	2	1	0	1	1757974	509	valid	373	1759008	1034	high
13	7	0	221	5	0	2	1	1	300	4	1	1761615	1761915	4	4	1	1	1762780	865	valid	484	1764071	1291	high
13	7	0	222	6	0	2	1	1	50	4	1	1766564	1766615	4	4	1	1	1768265	1650	valid	249	1769138	873	high
13	7	0	223	7	0	2	1	1	50	1	3	1772048	1772098	2	1	1	1	1773693	1595	valid	389	1774529	836	low
13	7	0	224	8	0	2	1	1	-50	3	4	1777831	1777881	3	3	0	1	1779332	1451	valid	284	1779573	241	low
13	7	0	225	9	0	2	1	1	-300	1	2	1785697	1785997	2	1	0	1	1786598	601	valid	326	1786974	376	high
13	7	0	226	10	0	2	1	1	50	2	1	1790997	1791047	2	1	0	0	1791902	855	valid	798	1793366	1464	high
13	7	0	227	11	0	2	1	1	50	4	3	1796447	1796497	3	3	0	0	1798843	2346	valid	595	1799913	1070	low
13	7	0	228	12	0	2	1	1	-300	3	4	1802896	1803197	3	3	0	1	1803824	627	valid	644	1805439	1615	low
13	7	0	229	13	0	2	1	1	300	2	1	1808379	1808679	1	2	1	1	1809238	559	valid	646	1810464	1226	high
13	7	0	230	14	0	2	1	1	-300	4	2	1813062	1813362	4	4	0	1	1814107	745	valid	598	1815459	1352	high
13	7	0	231	15	0	2	1	1	300	1	3	1818029	1818329	2	1	1	1	1818764	435	valid	796	1820225	1461	high
13	7	0	232	16	0	2	1	1	300	2	4	1823262	1823562	1	2	1	1	1823965	403	valid	659	1825298	1333	high
13	7	0	233	17	0	2	1	1	300	2	3	1827862	1828162	1	2	1	1	1828587	425	valid	579	1829764	1177	high
13	7	0	234	18	0	2	1	1	-110	3	4	1832195	1832305	4	4	1	0	1833713	1408	valid	706	1835071	1358	high
13	7	0	235	19	0	2	1	1	-110	3	2	1837595	1837705	3	3	0	1	1839019	1314	valid	793	1840401	1382	high
13	7	0	236	20	0	2	1	1	-300	3	2	1843328	1843628	3	3	0	1	1844919	1291	valid	352	1845997	1078	high
13	7	0	237	21	0	2	1	1	-50	1	4	1848927	1848977	2	1	0	1	1849795	818	valid	518	1851027	1232	high
13	7	0	238	22	0	2	1	1	-50	1	2	1854061	1854111	2	1	0	1	1855205	1094	valid	388	1856174	969	low
13	7	0	239	23	0	2	1	1	110	4	3	1858777	1858887	4	4	1	1	1859626	739	valid	437	1860805	1179	high
13	7	0	240	24	0	2	1	1	50	2	4	1863244	1863294	1	2	1	1	1865290	1996	valid	470	1866244	954	low
13	7	0	241	25	0	2	1	1	110	2	1	1868777	1868887	1	2	1	1	1871370	2483	valid	394	1872335	965	low
13	7	0	242	26	0	2	1	1	300	4	3	1874826	1875126	4	4	1	1	1875937	811	valid	485	1877335	1398	high
13	7	0	243	27	0	2	1	1	110	4	1	1879926	1880036	4	4	1	1	1881132	1096	valid	355	1882108	976	high
13	7	0	244	28	0	2	1	1	-50	3	1	1884626	1884676	2	1	1	0	1885934	1258	valid	459	1886959	1025	low
13	7	0	245	29	0	2	1	1	-50	4	2	1889826	1889876	4	4	0	1	1891334	1458	valid	768	1892709	1375	low
13	7	0	246	30	0	2	1	1	-50	3	2	1895375	1895425	3	3	0	1	1896776	1351	valid	447	1898342	1566	high
13	7	0	247	31	0	2	1	1	-300	3	1	1901025	1901325	3	3	0	1	1901950	625	valid	242	1902927	977	high
13	7	0	248	32	0	2	1	1	-110	4	2	1905558	1905668	4	4	0	1	1906772	1104	valid	564	1907912	1140	low
13	7	0	249	33	0	2	1	1	50	2	3	1910792	1910842	4	4	2	99	1912138	1296	wrong limb	504	1913336	1198	low
13	7	0	250	34	0	2	1	1	110	1	3	1915974	1916085	2	1	1	1	1916655	570	valid	232	1917606	951	high
13	7	0	251	35	0	2	1	1	-110	1	2	1920474	1920584	2	1	0	1	1921213	629	valid	259	1922050	837	high
13	7	0	252	36	0	2	1	1	110	2	4	1924857	1924967	1	2	1	1	1925734	767	valid	670	1927250	1516	high
13	7	0	217	37	1	2	1	1	110	2	3	1929891	1930001	1	2	1	1	1931204	1203	valid	697	1932556	1352	high
13	7	0	249	38	1	2	1	1	50	2	3	1935090	1935140	1	2	1	1	1935971	831	valid	446	1937034	1063	low
13	8	0	253	1	0	2	1	1	300	4	1	1946490	1946790	4	4	1	1	1947596	806	block start	376	1948878	1282	high
13	8	0	254	2	0	2	1	1	-300	3	2	1951373	1951673	3	3	0	1	1952464	791	valid	279	1953400	936	high
13	8	0	255	3	0	2	1	1	110	2	3	1955973	1956083	1	2	1	1	1957050	967	valid	414	1957954	904	high
13	8	0	256	4	0	2	1	1	110	2	4	1960656	1960766	1	2	1	1	1961210	444	valid	696	1962504	1294	high
13	8	0	257	5	0	2	1	1	50	1	3	1964989	1965039	2	1	1	1	1966635	1596	valid	328	1967645	1010	high
13	8	0	258	6	0	2	1	1	-50	1	2	1970105	1970155	2	1	0	1	1972398	2243	valid	500	1973378	980	low
13	8	0	259	7	0	2	1	1	50	4	1	1975905	1975955	2	1	0	0	1977234	1279	valid	586	1978357	1123	low
13	8	0	260	8	0	2	1	1	110	1	3	1981005	1981115	2	1	1	1	1981747	632	valid	528	1982910	1163	high
13	8	0	261	9	0	2	1	1	-300	3	4	1985471	1985771	3	3	0	1	1987281	1510	valid	660	1988613	1332	high
13	8	0	262	10	0	2	1	1	-50	3	2	1991154	1991204	3	3	0	1	1992479	1275	valid	359	1993490	1011	high
13	8	0	263	11	0	2	1	1	-110	4	2	1995888	1995998	4	4	0	1	1996879	881	valid	481	1998182	1303	high
13	8	0	264	12	0	2	1	1	300	2	1	2000721	2001021	1	2	1	1	2001629	608	valid	337	2002871	1242	high
13	8	0	265	13	0	2	1	1	110	4	3	2005304	2005414	4	4	1	1	2006380	966	valid	225	2007155	775	low
13	8	0	266	14	0	2	1	1	50	2	4	2009704	2009754	1	2	1	1	2010576	822	valid	532	2011842	1266	high
13	8	0	267	15	0	2	1	1	-110	1	4	2014420	2014530	2	1	0	1	2015303	773	valid	563	2016473	1170	high
13	8	0	268	16	0	2	1	1	-300	4	2	2018953	2019253	4	4	0	1	2020063	810	valid	301	2021019	956	high
13	8	0	269	17	0	2	1	1	-300	3	1	2023536	2023836	3	3	0	1	2024560	724	valid	451	2025683	1123	high
13	8	0	270	18	0	2	1	1	50	4	3	2028136	2028186	4	4	1	1	2029009	823	valid	700	2030235	1226	low
13	8	0	271	19	0	2	1	1	-110	3	2	2032753	2032863	3	3	0	1	2035154	2291	valid	746	2036681	1527	high
13	8	0	272	20	0	2	1	1	-50	3	1	2041969	2042019	0	0	2	99	0	0	no reaction	424	2045022	2045022	high
13	8	0	273	21	0	2	1	1	110	4	1	2049035	2049145	2	1	0	0	2049961	816	valid	418	2051141	1180	high
13	8	0	274	22	0	2	1	1	-110	3	1	2053668	2053778	3	3	0	1	2055375	1597	valid	248	2056313	938	low
13	8	0	275	23	0	2	1	1	-110	3	4	2058818	2058928	3	3	0	1	2059782	854	valid	669	2061924	2142	high
13	8	0	276	24	0	2	1	1	-50	4	2	2064885	2064935	1	2	1	0	2066360	1425	valid	423	2067314	954	low
13	8	0	277	25	0	2	1	1	300	2	3	2069884	2070184	1	2	1	1	2070822	638	valid	274	2071802	980	high
13	8	0	278	26	0	2	1	1	300	1	3	2074384	2074684	2	1	1	1	2074980	296	valid	453	2076075	1095	high
13	8	0	279	27	0	2	1	1	300	2	4	2078601	2078901	1	2	1	1	2079222	321	valid	367	2080225	1003	high
13	8	0	280	28	0	2	1	1	110	2	1	2082734	2082844	1	2	1	1	2083576	732	valid	384	2084558	982	high
13	8	0	281	29	0	2	1	1	-300	1	4	2087017	2087317	2	1	0	1	2087592	275	valid	344	2088660	1068	high
13	8	0	282	30	0	2	1	1	-50	1	4	2091167	2091217	2	1	0	1	2091812	595	valid	570	2093165	1353	high
13	8	0	283	31	0	2	1	1	-300	1	2	2095666	2095966	2	1	0	1	2096819	853	valid	467	2097879	1060	high
13	8	0	284	32	0	2	1	1	300	4	3	2100550	2100850	4	4	1	1	2101654	804	valid	242	2102548	894	high
13	8	0	285	33	0	2	1	1	-110	1	2	2105133	2105243	2	1	0	1	2105800	557	valid	563	2107361	1561	high
13	8	0	286	34	0	2	1	1	50	2	1	2110316	2110366	1	2	1	1	2111648	1282	valid	287	2112487	839	high
13	8	0	287	35	0	2	1	1	-50	3	4	2115182	2115232	4	4	1	0	2118059	2827	valid	316	2118967	908	low
13	8	0	288	36	0	2	1	1	50	2	3	2121565	2121615	3	3	0	0	2122865	1250	valid	320	2124185	1320	high
13	8	0	253	37	1	2	1	1	300	4	1	2126665	2126965	3	3	2	99	2127475	510	wrong limb	675	2127858	383	high
13	8	0	272	38	1	2	1	1	-50	3	1	2131565	2131615	3	3	0	1	2134089	2474	valid	361	2135052	963	low
13	8	0	253	39	2	2	1	1	300	4	1	2137831	2138131	4	4	1	1	2138688	557	valid	626	2139967	1279	high
13	9	1	999	1	0	1	2	1	-1000	1	4	2270942	2271942	1	1	0	1	2272396	454	valid	790	2273906	1510	high
13	9	1	999	2	0	1	2	1	-1000	3	2	2273925	2276492	4	3	0	1	2277144	652	valid	715	2277675	531	high
13	9	1	999	3	0	1	2	1	1000	1	3	2277692	2280925	1	1	1	1	2281767	842	valid	589	2283101	1334	high
13	9	1	999	4	0	1	2	1	-1000	3	1	2283125	2285841	4	3	0	1	2286543	702	valid	259	2287594	1051	high
13	9	1	999	5	0	1	2	1	1000	2	1	2287608	2290374	2	2	1	1	2291021	647	valid	422	2292089	1068	high
13	9	0	289	1	0	1	2	1	-110	1	2	2299507	2299617	2	2	1	0	2300472	855	block start	407	2301766	1294	high
13	9	0	290	2	0	1	2	1	110	2	1	2304224	2304334	2	2	1	1	2304735	401	valid	680	2306145	1410	high
13	9	0	291	3	0	1	2	1	-50	3	1	2308624	2308674	1	1	1	0	2309606	932	valid	375	2310670	1064	high
13	9	0	292	4	0	1	2	1	-50	4	2	2313390	2313440	3	4	0	1	2315003	1563	valid	800	2316371	1368	low
13	9	0	293	5	0	1	2	1	300	4	1	2318956	2319256	3	4	1	1	2319698	442	valid	582	2321249	1551	high
13	9	0	294	6	0	1	2	1	-50	3	2	2324456	2324506	2	2	1	0	2325930	1424	valid	449	2327368	1438	high
13	9	0	295	7	0	1	2	1	-110	1	4	2329823	2329933	1	1	0	1	2330504	571	valid	552	2331906	1402	high
13	9	0	296	8	0	1	2	1	110	4	3	2334656	2334766	3	4	1	1	2335716	950	valid	343	2337049	1333	high
13	9	0	297	9	0	1	2	1	-50	3	4	2340222	2340272	3	4	1	0	2341531	1259	valid	585	2342666	1135	low
13	9	0	298	10	0	1	2	1	300	1	3	2345272	2345572	1	1	1	1	2345950	378	valid	237	2347205	1255	high
13	9	0	299	11	0	1	2	1	50	2	3	2349655	2349705	2	2	1	1	2350377	672	valid	544	2351468	1091	low
13	9	0	300	12	0	1	2	1	50	2	1	2354222	2354272	2	2	1	1	2355000	728	valid	503	2356474	1474	high
13	9	0	301	13	0	1	2	1	-110	3	2	2359121	2359231	4	3	0	1	2360134	903	valid	242	2361270	1136	low
13	9	0	302	14	0	1	2	1	-50	1	4	2364088	2364138	1	1	0	1	2364646	508	valid	494	2366022	1376	high
13	9	0	303	15	0	1	2	1	-300	1	4	2368554	2368854	1	1	0	1	2369201	347	valid	206	2370135	934	high
13	9	0	304	16	0	1	2	1	50	1	3	2372571	2372621	1	1	1	1	2373905	1284	valid	447	2374980	1075	low
13	9	0	305	17	0	1	2	1	110	2	4	2377471	2377581	2	2	1	1	2379491	1910	valid	328	2380327	836	low
13	9	0	306	18	0	1	2	1	110	1	3	2382904	2383014	1	1	1	1	2384365	1351	valid	202	2385162	797	high
13	9	0	307	19	0	1	2	1	50	2	4	2387737	2387787	2	2	1	1	2389776	1989	valid	481	2390914	1138	high
13	9	0	308	20	0	1	2	1	110	2	3	2393536	2393646	2	2	1	1	2394729	1083	valid	364	2395627	898	high
13	9	0	309	21	0	1	2	1	50	4	3	2398253	2398303	4	3	0	0	2399653	1350	valid	594	2400750	1097	low
13	9	0	310	22	0	1	2	1	300	2	4	2403353	2403653	2	2	1	1	2404026	373	valid	703	2405397	1371	high
13	9	0	311	23	0	1	2	1	300	4	3	2408236	2408536	3	4	1	1	2409123	587	valid	606	2410423	1300	high
13	9	0	312	24	0	1	2	1	300	2	3	2413036	2413336	2	2	1	1	2413657	321	valid	761	2415123	1466	high
13	9	0	313	25	0	1	2	1	-50	1	2	2417669	2417719	1	1	0	1	2418734	1015	valid	721	2420175	1441	high
13	9	0	314	26	0	1	2	1	-300	4	2	2422735	2423035	3	4	0	1	2423543	508	valid	402	2424735	1192	high
13	9	0	315	27	0	1	2	1	-300	1	2	2427218	2427518	1	1	0	1	2427799	281	valid	291	2428893	1094	high
13	9	0	316	28	0	1	2	1	110	4	1	2431351	2431461	1	1	0	0	2432592	1131	valid	721	2433835	1243	low
13	9	0	317	29	0	1	2	1	-300	3	4	2436418	2436718	4	3	0	1	2437137	419	valid	380	2438466	1329	high
13	9	0	318	30	0	1	2	1	-110	3	1	2441018	2441128	4	3	0	1	2442180	1052	valid	571	2443744	1564	high
13	9	0	319	31	0	1	2	1	-110	3	4	2446417	2446527	4	3	0	1	2447279	752	valid	635	2448419	1140	high
13	9	0	320	32	0	1	2	1	300	2	1	2451451	2451751	2	2	1	1	2452109	358	valid	715	2453745	1636	high
13	9	0	321	33	0	1	2	1	-300	3	1	2456750	2457050	4	3	0	1	2457624	574	valid	640	2459073	1449	high
13	9	0	322	34	0	1	2	1	50	4	1	2461617	2461667	3	4	1	1	2462770	1103	valid	349	2463766	996	low
13	9	0	323	35	0	1	2	1	-110	4	2	2466300	2466410	3	4	0	1	2467792	1382	valid	241	2468940	1148	high
13	9	0	324	36	0	1	2	1	-300	3	2	2471483	2471783	3	4	2	99	2472851	1068	wrong limb	631	2474488	1637	high
13	9	0	289	37	1	1	2	1	-110	1	2	2477033	2477143	1	1	0	1	2478510	1367	valid	288	2479399	889	low
13	9	0	324	38	1	1	2	1	-300	3	2	2481949	2482249	4	3	0	1	2482614	365	valid	743	2484032	1418	high
13	10	0	325	1	0	1	2	1	50	1	3	2490765	2490815	4	3	0	0	2492999	2184	block start	390	2493987	988	low
13	10	0	326	2	0	1	2	1	-110	3	2	2496665	2496775	4	3	0	1	2498135	1360	valid	316	2499309	1174	low
13	10	0	327	3	0	1	2	1	-50	3	1	2502148	2502198	1	1	1	0	2503271	1073	valid	406	2504328	1057	high
13	10	0	328	4	0	1	2	1	-50	3	4	2506931	2506981	4	3	0	1	2507950	969	valid	649	2509447	1497	high
13	10	0	329	5	0	1	2	1	-110	1	2	2512031	2512141	1	1	0	1	2513434	1293	valid	656	2514835	1401	high
13	10	0	330	6	0	1	2	1	-300	1	2	2517364	2517664	1	1	0	1	2517874	210	valid	537	2519151	1277	high
13	10	0	331	7	0	1	2	1	110	1	3	2521714	2521824	1	1	1	1	2522305	481	valid	461	2523515	1210	high
13	10	0	332	8	0	1	2	1	-300	4	2	2526031	2526331	3	4	0	1	2527398	1067	valid	308	2528434	1036	high
13	10	0	333	9	0	1	2	1	-300	1	4	2530997	2531297	1	1	0	1	2531819	522	valid	784	2533282	1463	high
13	10	0	334	10	0	1	2	1	-50	3	2	2535780	2535830	2	2	1	0	2537754	1924	valid	534	2538868	1114	low
13	10	0	335	11	0	1	2	1	-110	3	1	2541380	2541490	4	3	0	1	2543694	2204	valid	313	2544642	948	high
13	10	0	336	12	0	1	2	1	110	2	1	2547163	2547273	2	2	1	1	2547707	434	valid	508	2548692	985	high
13	10	0	337	13	0	1	2	1	-300	3	4	2551396	2551696	4	3	0	1	2552634	938	valid	406	2553728	1094	high
13	10	0	338	14	0	1	2	1	300	2	3	2556263	2556563	2	2	1	1	2557205	642	valid	675	2558700	1495	high
13	10	0	339	15	0	1	2	1	300	4	3	2561179	2561479	4	3	0	0	2562011	532	valid	225	2563258	1247	low
13	10	0	340	16	0	1	2	1	-110	4	2	2565979	2566089	3	4	0	1	2567616	1527	valid	495	2568641	1025	low
13	10	0	341	17	0	1	2	1	-110	1	4	2571562	2571672	1	1	0	1	2572123	451	valid	635	2573504	1381	high
13	10	0	342	18	0	1	2	1	50	2	3	2576012	2576062	2	2	1	1	2577458	1396	valid	661	2578693	1235	low
13	10	0	343	19	0	1	2	1	-50	1	4	2581761	2581811	1	1	0	1	2582414	603	valid	624	2583878	1464	high
13	10	0	344	20	0	1	2	1	300	2	4	2586445	2586745	2	2	1	1	2587575	830	valid	340	2589037	1462	high
13	10	0	345	21	0	1	2	1	50	4	1	2591511	2591561	3	4	1	1	2593505	1944	valid	203	2594378	873	low
13	10	0	346	22	0	1	2	1	50	2	1	2596944	2596994	2	2	1	1	2597936	942	valid	568	2599178	1242	high
13	10	0	347	23	0	1	2	1	-300	3	1	2601644	2601944	4	3	0	1	2602447	503	valid	200	2603686	1239	high
13	10	0	348	24	0	1	2	1	300	1	3	2606244	2606544	1	1	1	1	2607474	930	valid	402	2608583	1109	high
13	10	0	349	25	0	1	2	1	-50	1	2	2611143	2611193	1	1	0	1	2612052	859	valid	686	2613402	1350	low
13	10	0	350	26	0	1	2	1	-300	3	2	2616160	2616460	4	3	0	1	2617683	1223	valid	249	2618788	1105	high
13	10	0	351	27	0	1	2	1	110	4	3	2621293	2621403	3	4	1	1	2622060	657	valid	674	2624423	2363	high
13	10	0	352	28	0	1	2	1	300	2	1	2626959	2627259	2	2	1	1	2627548	289	valid	427	2628609	1061	high
13	10	0	353	29	0	1	2	1	300	4	1	2631359	2631659	3	4	1	1	2632555	896	valid	370	2633519	964	high
13	10	0	354	30	0	1	2	1	110	4	1	2636376	2636486	3	4	1	1	2637017	531	valid	487	2638139	1122	high
13	10	0	355	31	0	1	2	1	-50	4	2	2640675	2640725	3	4	0	1	2641843	1118	valid	776	2643459	1616	low
13	10	0	356	32	0	1	2	1	-110	3	4	2645992	2646102	3	4	1	0	2647137	1035	valid	565	2648320	1183	high
13	10	0	357	33	0	1	2	1	110	2	3	2650808	2650918	2	2	1	1	2653022	2104	valid	323	2653876	854	high
13	10	0	358	34	0	1	2	1	110	2	4	2656358	2656468	2	2	1	1	2657266	798	valid	469	2658341	1075	high
13	10	0	359	35	0	1	2	1	50	4	3	2660758	2660808	3	4	1	1	2663298	2490	valid	319	2664146	848	low
13	10	0	360	36	0	1	2	1	50	2	4	2666674	2666724	2	2	1	1	2667381	657	valid	780	2668733	1352	high
13	10	0	325	37	1	1	2	1	50	1	3	2671191	2671241	1	1	1	1	2671799	558	valid	715	2673121	1322	low
13	11	1	999	1	0	1	1	1	-1000	3	1	91512	92512	3	3	0	1	93122	610	valid	283	94227	1105	high
13	11	1	999	2	0	1	1	1	-1000	4	2	94245	96862	4	4	0	1	97754	892	valid	463	98788	1034	high
13	11	1	999	3	0	1	1	1	1000	4	3	98812	101595	4	4	1	1	102239	644	valid	286	103099	860	high
13	11	1	999	4	0	1	1	1	-1000	3	2	103113	105628	3	3	0	1	106358	730	valid	779	107341	983	high
13	11	1	999	5	0	1	1	1	1000	2	4	108028	110545	2	2	1	1	111109	564	valid	797	112629	1520	high
13	11	0	361	1	0	1	1	1	110	1	3	118894	119004	1	1	1	1	119758	754	block start	692	121449	1691	low
13	11	0	362	2	0	1	1	1	300	2	3	124061	124361	2	2	1	1	124660	299	valid	397	125900	1240	high
13	11	0	363	3	0	1	1	1	50	2	1	128710	128760	2	2	1	1	129197	437	valid	344	130066	869	high
13	11	0	364	4	0	1	1	1	-50	1	4	132760	132810	1	1	0	1	133587	777	valid	557	134211	624	low
13	11	0	365	5	0	1	1	1	50	2	4	137693	137743	2	2	1	1	138160	417	valid	513	139212	1052	low
13	11	0	366	6	0	1	1	1	-50	3	4	141843	141893	3	3	0	1	144104	2211	valid	729	145410	1306	low
13	11	0	367	7	0	1	1	1	110	4	3	148243	148353	3	3	0	0	149258	905	valid	460	150486	1228	high
13	11	0	368	8	0	1	1	1	-300	1	2	152976	153276	1	1	0	1	153621	345	valid	255	154574	953	high
13	11	0	369	9	0	1	1	1	50	1	3	157043	157093	2	2	2	99	157268	175	wrong limb	637	158194	926	low
13	11	0	370	10	0	1	1	1	-110	3	2	161559	161669	3	3	0	1	162901	1232	valid	344	163965	1064	high
13	11	0	371	11	0	1	1	1	300	4	1	166442	166742	4	4	1	1	167230	488	valid	732	168735	1505	high
13	11	0	372	12	0	1	1	1	110	2	1	171292	171402	2	2	1	1	172073	671	valid	727	173416	1343	high
13	11	0	373	13	0	1	1	1	-110	3	4	175942	176052	3	3	0	1	176907	855	valid	327	178110	1203	high
13	11	0	374	14	0	1	1	1	-300	1	4	180525	180825	1	1	0	1	181102	277	valid	530	182392	1290	high
13	11	0	375	15	0	1	1	1	-50	3	2	184941	184991	3	3	0	1	186372	1381	valid	216	187423	1051	high
13	11	0	376	16	0	1	1	1	110	2	3	189958	190068	2	2	1	1	190501	433	valid	409	191713	1212	high
13	11	0	377	17	0	1	1	1	-50	3	1	194191	194241	1	1	1	0	195407	1166	valid	493	196400	993	low
13	11	0	378	18	0	1	1	1	-300	3	2	198941	199241	3	3	0	1	199862	621	valid	336	200937	1075	high
13	11	0	379	19	0	1	1	1	-300	3	1	203474	203774	3	3	0	1	204260	486	valid	250	205060	800	high
13	11	0	380	20	0	1	1	1	-110	3	1	207574	207684	4	4	2	99	208319	635	wrong limb	567	208411	92	high
13	11	0	381	21	0	1	1	1	-110	1	4	212057	212167	1	1	0	1	212700	533	valid	648	213980	1280	high
13	11	0	382	22	0	1	1	1	50	4	3	216673	216723	4	4	1	1	219036	2313	valid	625	220751	1715	high
13	11	0	383	23	0	1	1	1	110	2	4	223290	223400	2	2	1	1	223793	393	valid	502	225183	1390	high
13	11	0	384	24	0	1	1	1	50	2	3	227706	227756	2	2	1	1	228526	770	valid	341	229603	1077	low
13	11	0	385	25	0	1	1	1	-300	3	4	232239	232539	3	3	0	1	233599	1060	valid	793	235454	1855	high
13	11	0	386	26	0	1	1	1	50	4	1	237839	237889	1	1	0	0	238825	936	valid	555	240039	1214	low
13	11	0	387	27	0	1	1	1	-110	1	2	242639	242749	1	1	0	1	243170	421	valid	346	244228	1058	high
13	11	0	388	28	0	1	1	1	300	4	3	246672	246972	4	4	1	1	248563	1591	valid	753	250073	1510	high
13	11	0	389	29	0	1	1	1	300	2	1	252688	252988	2	2	1	1	253240	252	valid	301	255856	2616	high
13	11	0	390	30	0	1	1	1	-110	4	2	258421	258531	2	2	1	0	259778	1247	valid	467	260825	1047	low
13	11	0	391	31	0	1	1	1	-300	4	2	263554	263854	4	4	0	1	264418	564	valid	517	265581	1163	high
13	11	0	392	32	0	1	1	1	110	4	1	268304	268414	4	4	1	1	268989	575	valid	495	270372	1383	low
13	11	0	393	33	0	1	1	1	300	2	4	273121	273421	2	2	1	1	273670	249	valid	713	275057	1387	high
13	11	0	394	34	0	1	1	1	-50	4	2	277637	277687	2	2	1	0	278921	1234	valid	243	279872	951	low
13	11	0	395	35	0	1	1	1	300	1	3	282554	282854	1	1	1	1	283036	182	valid	377	284066	1030	high
13	11	0	396	36	0	1	1	1	-50	1	2	286587	286637	1	1	0	1	287312	675	valid	662	288515	1203	high
13	11	0	361	37	1	1	1	1	110	1	3	291986	292096	1	1	1	1	292734	638	valid	490	293865	1131	high
13	11	0	369	38	1	1	1	1	50	1	3	296436	296486	1	1	1	1	297488	1002	valid	724	298904	1416	low
13	11	0	380	39	1	1	1	1	-110	3	1	301586	301696	1	1	1	0	303499	1803	valid	491	304701	1202	low
13	12	0	397	1	0	1	1	1	-110	3	1	313852	313962	3	3	0	1	315006	1044	block start	474	316220	1214	high
13	12	0	398	2	0	1	1	1	-300	4	2	318835	319135	4	4	0	1	319622	487	valid	719	321033	1411	high
13	12	0	399	3	0	1	1	1	300	4	1	323718	324018	4	4	1	1	324672	654	valid	764	326232	1560	high
13	12	0	400	4	0	1	1	1	-50	1	2	328801	328851	2	2	1	0	329481	630	valid	718	330663	1182	low
13	12	0	401	5	0	1	1	1	110	2	1	333318	333428	2	2	1	1	333972	544	valid	510	335337	1365	high
13	12	0	402	6	0	1	1	1	-50	3	1	337783	337834	1	1	1	0	338929	1095	valid	312	339844	915	low
13	12	0	403	7	0	1	1	1	300	4	3	342334	342634	4	4	1	1	343157	523	valid	605	344457	1300	high
13	12	0	404	8	0	1	1	1	-110	3	2	346951	347061	4	4	2	99	348026	965	wrong limb	449	348157	131	high
13	12	0	405	9	0	1	1	1	-110	4	2	351700	351810	4	4	0	1	352950	1140	valid	529	354146	1196	high
13	12	0	406	10	0	1	1	1	50	1	3	356700	356750	3	3	0	0	358430	1680	valid	535	359846	1416	high
13	12	0	407	11	0	1	1	1	-110	1	2	362483	362593	1	1	0	1	363151	558	valid	693	364466	1315	high
13	12	0	408	12	0	1	1	1	50	2	3	367361	367411	2	2	1	1	367942	531	valid	598	369340	1398	high
13	12	0	409	13	0	1	1	1	110	1	3	371811	371921	1	1	1	1	372323	402	valid	352	373364	1041	high
13	12	0	410	14	0	1	1	1	50	2	1	375861	375911	2	2	1	1	376392	481	valid	504	377608	1216	high
13	12	0	411	15	0	1	1	1	110	4	3	380044	380154	4	4	1	1	380886	732	valid	488	382024	1138	high
13	12	0	412	16	0	1	1	1	-50	4	2	384577	384627	4	4	0	1	386089	1462	valid	646	387343	1254	low
13	12	0	413	17	0	1	1	1	110	2	3	389843	389953	2	2	1	1	390813	860	valid	662	392031	1218	high
13	12	0	414	18	0	1	1	1	-300	1	2	394543	394843	1	1	0	1	395111	268	valid	583	396400	1289	high
13	12	0	415	19	0	1	1	1	-300	3	2	398943	399243	3	3	0	1	399941	698	valid	310	400822	881	high
13	12	0	416	20	0	1	1	1	300	2	4	403427	403727	2	2	1	1	403950	223	valid	498	405296	1346	high
13	12	0	417	21	0	1	1	1	-110	3	4	407743	407853	3	3	0	1	408679	826	valid	271	409648	969	high
13	12	0	418	22	0	1	1	1	-50	1	4	412159	412209	1	1	0	1	412831	622	valid	430	414056	1225	high
13	12	0	419	23	0	1	1	1	-110	1	4	416492	416602	1	1	0	1	417048	446	valid	654	418330	1282	high
13	12	0	420	24	0	1	1	1	-50	3	4	421009	421059	4	4	1	0	422050	991	valid	615	423251	1201	low
13	12	0	421	25	0	1	1	1	300	2	3	425808	426108	2	2	1	1	426443	335	valid	373	427476	1033	high
13	12	0	422	26	0	1	1	1	-300	1	4	429992	430292	1	1	0	1	430436	144	valid	612	431666	1230	high
13	12	0	423	27	0	1	1	1	300	2	1	434175	434475	2	2	1	1	434673	198	valid	585	436001	1328	high
13	12	0	424	28	0	1	1	1	110	2	4	438458	438568	2	2	1	1	438900	332	valid	516	440047	1147	high
13	12	0	425	29	0	1	1	1	-300	3	4	442574	442874	3	3	0	1	443416	542	valid	236	444331	915	high
13	12	0	426	30	0	1	1	1	50	4	3	447141	447191	4	4	1	1	448125	934	valid	226	449083	958	high
13	12	0	427	31	0	1	1	1	110	4	1	451641	451751	4	4	1	1	452451	700	valid	733	454009	1558	high
13	12	0	428	32	0	1	1	1	300	1	3	456674	456974	1	1	1	1	457146	172	valid	373	459211	2065	high
13	12	0	429	33	0	1	1	1	50	4	1	461707	461757	1	1	0	0	463126	1369	valid	324	464267	1141	low
13	12	0	430	34	0	1	1	1	-300	3	1	466907	467207	3	3	0	1	467860	653	valid	511	469230	1370	high
13	12	0	431	35	0	1	1	1	-50	3	2	471773	471823	3	3	0	1	473748	1925	valid	632	475135	1387	low
13	12	0	432	36	0	1	1	1	50	2	4	477689	477739	2	2	1	1	479398	1659	valid	210	480416	1018	low
13	12	0	397	37	1	1	1	1	-110	3	1	482973	483083	3	3	0	1	484163	1080	valid	344	485364	1201	high
13	12	0	404	38	1	1	1	1	-110	3	2	487889	487999	3	3	0	1	488964	965	valid	250	490098	1134	high
13	13	1	999	1	0	2	2	1	-1000	1	4	494422	632732	2	1	0	1	633385	653	valid	643	634766	1381	high
13	13	1	999	2	0	2	2	1	1000	2	1	634782	637166	1	2	1	1	637642	476	valid	506	638724	1082	high
13	13	1	999	3	0	2	2	1	-1000	4	2	638749	641165	3	4	0	1	641749	584	valid	221	642647	898	high
13	13	1	999	4	0	2	2	1	1000	2	1	642665	645765	1	2	1	1	646201	436	valid	746	647625	1424	high
13	13	1	999	5	0	2	2	1	-1000	3	1	647632	650032	4	3	0	1	650419	387	valid	336	651347	928	high
13	13	0	433	1	0	2	2	1	-110	4	2	658548	658658	1	2	1	0	659899	1241	block start	480	661052	1153	low
13	13	0	434	2	0	2	2	1	50	4	3	663614	663664	3	4	1	1	665028	1364	valid	367	666922	1894	low
13	13	0	435	3	0	2	2	1	-110	3	1	671164	671274	2	1	1	0	672170	896	valid	496	673314	1144	high
13	13	0	436	4	0	2	2	1	-300	3	4	676064	676364	4	3	0	1	676951	587	valid	501	678229	1278	high
13	13	0	437	5	0	2	2	1	-50	4	2	681280	681330	3	4	0	1	682033	703	valid	713	683475	1442	high
13	13	0	438	6	0	2	2	1	110	2	1	686313	686423	2	1	0	0	686968	545	valid	569	688157	1189	low
13	13	0	439	7	0	2	2	1	50	2	4	690813	690863	1	2	1	1	691945	1082	valid	299	693007	1062	low
13	13	0	440	8	0	2	2	1	-50	1	2	695613	695663	1	2	1	0	697025	1362	valid	515	698026	1001	low
13	13	0	441	9	0	2	2	1	300	2	4	700663	700963	1	2	1	1	701271	308	valid	223	702114	843	high
13	13	0	442	10	0	2	2	1	-50	1	4	704546	704596	2	1	0	1	705144	548	valid	514	706164	1020	high
13	13	0	443	11	0	2	2	1	110	4	1	708929	709039	3	4	1	1	711503	2464	valid	729	712946	1443	high
13	13	0	444	12	0	2	2	1	300	2	3	715495	715795	1	2	1	1	716225	430	valid	271	717218	993	high
13	13	0	445	13	0	2	2	1	110	2	4	719695	719805	1	2	1	1	720388	583	valid	407	721356	968	high
13	13	0	446	14	0	2	2	1	50	1	3	723945	723995	2	1	1	1	724633	638	valid	203	725649	1016	high
13	13	0	447	15	0	2	2	1	-300	3	2	728078	728378	4	3	0	1	728707	329	valid	342	729824	1117	high
13	13	0	448	16	0	2	2	1	110	1	3	732345	732455	2	1	1	1	732851	396	valid	792	734294	1443	high
13	13	0	449	17	0	2	2	1	-300	1	4	736745	737045	2	1	0	1	737430	385	valid	636	738681	1251	high
13	13	0	450	18	0	2	2	1	-110	1	4	741161	741271	2	1	0	1	741637	366	valid	552	742932	1295	high
13	13	0	451	19	0	2	2	1	-300	1	2	745444	745744	2	1	0	1	746331	587	valid	513	747466	1135	high
13	13	0	452	20	0	2	2	1	300	4	3	750011	750311	3	4	1	1	751914	1603	valid	412	753010	1096	high
13	13	0	453	21	0	2	2	1	-110	1	2	755510	755620	2	1	0	1	756207	587	valid	742	757505	1298	high
13	13	0	454	22	0	2	2	1	-110	3	2	760127	760237	4	3	0	1	761646	1409	valid	349	762779	1133	high
13	13	0	455	23	0	2	2	1	-50	3	2	765260	765310	4	3	0	1	766277	967	valid	751	767535	1258	high
13	13	0	456	24	0	2	2	1	300	4	1	770043	770343	3	4	1	1	771933	1590	valid	439	773099	1166	high
13	13	0	457	25	0	2	2	1	-300	4	2	775593	775893	3	4	0	1	776187	294	valid	510	777391	1204	high
13	13	0	458	26	0	2	2	1	110	2	3	779859	779969	4	3	0	0	781456	1487	valid	476	782477	1021	low
13	13	0	459	27	0	2	2	1	110	4	3	785176	785286	3	4	1	1	785956	670	valid	721	787484	1528	high
13	13	0	460	28	0	2	2	1	-50	3	1	789992	790042	2	1	1	0	790966	924	valid	240	791904	938	high
13	13	0	461	29	0	2	2	1	50	2	3	794525	794575	1	2	1	1	795042	467	valid	490	796354	1312	high
13	13	0	462	30	0	2	2	1	50	2	1	798958	799008	1	2	1	1	799539	531	valid	794	801040	1501	high
13	13	0	463	31	0	2	2	1	300	2	1	803775	804075	1	2	1	1	804295	220	valid	353	805307	1012	high
13	13	0	464	32	0	2	2	1	-50	3	4	808158	808208	4	3	0	1	809141	933	valid	336	810135	994	low
13	13	0	465	33	0	2	2	1	-110	3	4	812858	812968	4	3	0	1	813637	669	valid	733	814961	1324	high
13	13	0	466	34	0	2	2	1	50	4	1	817891	817941	2	1	0	0	819187	1246	valid	626	820744	1557	high
13	13	0	467	35	0	2	2	1	-300	3	1	823207	823507	4	3	0	1	824387	880	valid	772	825810	1423	high
13	13	0	468	36	0	2	2	1	300	1	3	828224	828524	2	1	1	1	828990	466	valid	371	830067	1077	high
13	13	0	433	37	1	2	2	1	-110	4	2	832524	832634	3	4	0	1	833970	1336	valid	494	835036	1066	low
13	14	0	469	1	0	2	2	1	110	2	1	847623	847733	3	4	2	99	848014	281	block start	436	850856	2842	high
13	14	0	470	2	0	2	2	1	300	4	1	853373	853673	3	4	1	1	854383	710	valid	610	855868	1485	high
13	14	0	471	3	0	2	2	1	110	2	4	858272	858382	1	2	1	1	859256	874	valid	556	860403	1147	high
13	14	0	472	4	0	2	2	1	50	1	3	862872	862922	2	1	1	1	863375	453	valid	598	864754	1379	high
13	14	0	473	5	0	2	2	1	110	4	1	867222	867332	4	3	2	99	869195	1863	wrong limb	684	870555	1360	low
13	14	0	474	6	0	2	2	1	-50	1	2	873205	873255	2	1	0	1	874357	1102	valid	223	875274	917	high
13	14	0	475	7	0	2	2	1	300	4	3	877755	878055	3	4	1	1	879429	1374	valid	747	880934	1505	high
13	14	0	476	8	0	2	2	1	50	4	3	883388	883438	3	4	1	1	884788	1350	valid	470	885782	994	low
13	14	0	477	9	0	2	2	1	50	2	1	888254	888304	1	2	1	1	889299	995	valid	458	890469	1170	low
13	14	0	478	10	0	2	2	1	300	2	1	892938	893238	1	2	1	1	893594	356	valid	683	895233	1639	high
13	14	0	479	11	0	2	2	1	300	1	3	897704	898004	2	1	1	1	898342	338	valid	371	899512	1170	high
13	14	0	480	12	0	2	2	1	-50	3	1	902020	902070	2	1	1	0	902641	571	valid	207	903856	1215	low
13	14	0	481	13	0	2	2	1	-50	4	2	906370	906420	1	2	1	0	907635	1215	valid	534	908836	1201	low
13	14	0	482	14	0	2	2	1	-50	1	4	911320	911370	2	1	0	1	912469	1099	valid	680	913656	1187	low
13	14	0	483	15	0	2	2	1	50	2	3	916120	916170	1	2	1	1	917380	1210	valid	666	918577	1197	high
13	14	0	484	16	0	2	2	1	-110	4	2	921036	921146	3	4	0	1	922570	1424	valid	347	923998	1428	high
13	14	0	485	17	0	2	2	1	-300	3	2	926386	926686	4	3	0	1	927023	337	valid	611	928486	1463	high
13	14	0	486	18	0	2	2	1	300	2	3	931001	931301	1	2	1	1	931611	310	valid	349	932636	1025	high
13	14	0	487	19	0	2	2	1	-110	1	4	935036	935146	2	1	0	1	935763	617	valid	517	936873	1110	high
13	14	0	488	20	0	2	2	1	-300	1	2	939285	939585	2	1	0	1	939899	314	valid	232	941071	1172	high
13	14	0	489	21	0	2	2	1	-110	3	2	943552	943662	4	3	0	1	944883	1221	valid	615	946038	1155	low
13	14	0	490	22	0	2	2	1	50	2	4	948518	948568	1	2	1	1	949197	629	valid	796	950610	1413	high
13	14	0	491	23	0	2	2	1	110	2	3	953035	953145	1	2	1	1	953945	800	valid	258	954832	887	low
13	14	0	492	24	0	2	2	1	-50	3	4	957651	957701	3	4	1	0	959373	1672	valid	530	960464	1091	low
13	14	0	493	25	0	2	2	1	-300	3	4	962918	963218	4	3	0	1	963568	350	valid	391	964723	1155	high
13	14	0	494	26	0	2	2	1	110	1	3	967101	967211	2	1	1	1	967788	577	valid	638	969099	1311	high
13	14	0	495	27	0	2	2	1	-110	3	4	971501	971611	4	3	0	1	973007	1396	valid	252	974013	1006	low
13	14	0	496	28	0	2	2	1	300	2	4	976534	976834	1	2	1	1	977092	258	valid	519	978305	1213	high
13	14	0	497	29	0	2	2	1	-300	3	1	980667	980967	4	3	0	1	981245	278	valid	633	982476	1231	high
13	14	0	498	30	0	2	2	1	-50	3	2	985000	985050	1	2	1	0	986714	1664	valid	672	987421	707	low
13	14	0	499	31	0	2	2	1	-300	4	2	990100	990400	3	4	0	1	991127	727	valid	373	992272	1145	high
13	14	0	500	32	0	2	2	1	-300	1	4	994916	995216	2	1	0	1	995591	375	valid	614	996940	1349	high
13	14	0	501	33	0	2	2	1	-110	1	2	999449	999559	2	1	0	1	1000183	624	valid	744	1001606	1423	high
13	14	0	502	34	0	2	2	1	50	4	1	1004049	1004099	3	4	1	1	1005926	1827	valid	702	1007191	1265	low
13	14	0	503	35	0	2	2	1	-110	3	1	1009816	1009926	4	3	0	1	1010493	567	valid	525	1011648	1155	high
13	14	0	504	36	0	2	2	1	110	4	3	1014149	1014259	3	4	1	1	1016749	2490	valid	563	1018147	1398	high
13	14	0	469	37	1	2	2	1	110	2	1	1020665	1020775	1	2	1	1	1022847	2072	valid	711	1024203	1356	low
13	14	0	473	38	1	2	2	1	110	4	1	1026848	1026958	2	1	0	0	1029334	2376	valid	639	1030470	1136	high
13	15	1	999	1	0	2	1	1	-1000	3	4	1037598	1258605	3	3	0	1	1259315	710	valid	678	1261488	2173	high
13	15	1	999	2	0	2	1	1	-1000	1	2	1261504	1264221	2	1	0	1	1265070	849	valid	232	1266015	945	high
13	15	1	999	3	0	2	1	1	-1000	1	4	1266038	1268521	2	1	0	1	1269055	534	valid	570	1270198	1143	high
13	15	1	999	4	0	2	1	1	-1000	3	4	1272604	1273604	3	3	2	99	1273643	39	too early	543	1274866	1223	high
13	15	1	999	5	0	2	1	1	-1000	1	4	1274887	1279887	2	1	0	1	1280590	703	valid	276	1282146	1556	high
13	15	0	505	1	0	2	1	1	-50	3	2	1289253	1289303	3	3	0	1	1291124	1821	block start	410	1292109	985	low
13	15	0	506	2	0	2	1	1	-110	3	4	1294853	1294963	3	3	0	1	1295985	1022	valid	202	1297143	1158	high
13	15	0	507	3	0	2	1	1	-110	3	2	1299669	1299779	1	2	1	0	1300772	993	valid	526	1301926	1154	high
13	15	0	508	4	0	2	1	1	-50	3	1	1304402	1304452	2	1	1	0	1305500	1048	valid	599	1306640	1140	low
13	15	0	509	5	0	2	1	1	50	2	4	1309402	1309452	1	2	1	1	1310543	1091	valid	758	1311962	1419	low
13	15	0	510	6	0	2	1	1	300	2	3	1314735	1315035	1	2	1	1	1316077	1042	valid	326	1317075	998	high
13	15	0	511	7	0	2	1	1	110	2	1	1319935	1320045	1	2	1	1	1320779	734	valid	355	1321956	1177	high
13	15	0	512	8	0	2	1	1	-110	1	4	1324435	1324545	2	1	0	1	1325540	995	valid	352	1326644	1104	high
13	15	0	513	9	0	2	1	1	-110	4	2	1329168	1329278	4	4	0	1	1329922	644	valid	613	1331319	1397	high
13	15	0	514	10	0	2	1	1	110	4	3	1333768	1333878	4	4	1	1	1334507	629	valid	686	1335932	1425	high
